0.000135
0.000112
0.000076
0.000028
-0.000030
-0.000094
-0.000161
-0.000225
-0.000282
-0.000326
-0.000352
-0.000356
-0.000335
-0.000288
-0.000214
-0.000117
0.000000
0.000130
0.000264
0.000395
0.000512
0.000606
0.000667
0.000688
0.000664
0.000592
0.000472
0.000309
0.000110
-0.000115
-0.000352
-0.000585
-0.000800
-0.000978
-0.001105
-0.001168
-0.001158
-0.001069
-0.000900
-0.000658
-0.000353
-0.000000
0.000380
0.000762
0.001123
0.001435
0.001674
0.001819
0.001853
0.001766
0.001555
0.001227
0.000794
0.000279
-0.000289
-0.000875
-0.001443
-0.001953
-0.002366
-0.002650
-0.002776
-0.002728
-0.002496
-0.002085
-0.001512
-0.000804
0.000000
0.000852
0.001700
0.002485
0.003154
0.003654
0.003944
0.003991
0.003780
0.003308
0.002593
0.001669
0.000584
-0.000599
-0.001808
-0.002964
-0.003988
-0.004806
-0.005354
-0.005582
-0.005456
-0.004968
-0.004131
-0.002981
-0.001578
-0.000000
0.001657
0.003290
0.004790
0.006053
0.006984
0.007506
0.007565
0.007136
0.006221
0.004858
0.003114
0.001085
-0.001110
-0.003337
-0.005451
-0.007310
-0.008781
-0.009749
-0.010130
-0.009870
-0.008959
-0.007426
-0.005342
-0.002819
0.000000
0.002944
0.005828
0.008462
0.010663
0.012270
0.013153
0.013223
0.012440
0.010819
0.008428
0.005390
0.001874
-0.001913
-0.005736
-0.009350
-0.012512
-0.014997
-0.016617
-0.017232
-0.016758
-0.015182
-0.012561
-0.009020
-0.004751
0.000000
0.004946
0.009775
0.014169
0.017829
0.020486
0.021930
0.022016
0.020686
0.017968
0.013981
0.008931
0.003101
-0.003163
-0.009475
-0.015430
-0.020629
-0.024707
-0.027356
-0.028347
-0.027550
-0.024945
-0.020627
-0.014806
-0.007795
0.000000
0.008110
0.016025
0.023227
0.029224
0.033580
0.035949
0.036097
0.033925
0.029476
0.022944
0.014663
0.005095
-0.005200
-0.015588
-0.025406
-0.033998
-0.040760
-0.045181
-0.046876
-0.045620
-0.041366
-0.034260
-0.024633
-0.012993
0.000000
0.013572
0.026877
0.039049
0.049255
0.056749
0.060926
0.061361
0.057852
0.050435
0.039399
0.025275
0.008817
-0.009036
-0.027210
-0.044557
-0.059922
-0.072217
-0.080492
-0.083999
-0.082252
-0.075068
-0.062599
-0.045334
-0.024096
0.000000
0.025590
0.051136
0.075006
0.095570
0.111296
0.120851
0.123191
0.117643
0.103968
0.082405
0.053688
0.019040
-0.019863
-0.060954
-0.101863
-0.140019
-0.172776
-0.197542
-0.211920
-0.213834
-0.201652
-0.174291
-0.131295
-0.072889
0.000000
0.085759
0.182132
0.286300
0.394990
0.504606
0.611379
0.711529
0.801430
0.877770
0.937702
0.978967
1.000000
1.000000
0.978967
0.937702
0.877770
0.801430
0.711529
0.611379
0.504606
0.394990
0.286300
0.182132
0.085759
0.000000
-0.072889
-0.131295
-0.174291
-0.201652
-0.213834
-0.211920
-0.197542
-0.172776
-0.140019
-0.101863
-0.060954
-0.019863
0.019040
0.053688
0.082405
0.103968
0.117643
0.123191
0.120851
0.111296
0.095570
0.075006
0.051136
0.025590
0.000000
-0.024096
-0.045334
-0.062599
-0.075068
-0.082252
-0.083999
-0.080492
-0.072217
-0.059922
-0.044557
-0.027210
-0.009036
0.008817
0.025275
0.039399
0.050435
0.057852
0.061361
0.060926
0.056749
0.049255
0.039049
0.026877
0.013572
0.000000
-0.012993
-0.024633
-0.034260
-0.041366
-0.045620
-0.046876
-0.045181
-0.040760
-0.033998
-0.025406
-0.015588
-0.005200
0.005095
0.014663
0.022944
0.029476
0.033925
0.036097
0.035949
0.033580
0.029224
0.023227
0.016025
0.008110
0.000000
-0.007795
-0.014806
-0.020627
-0.024945
-0.027550
-0.028347
-0.027356
-0.024707
-0.020629
-0.015430
-0.009475
-0.003163
0.003101
0.008931
0.013981
0.017968
0.020686
0.022016
0.021930
0.020486
0.017829
0.014169
0.009775
0.004946
0.000000
-0.004751
-0.009020
-0.012561
-0.015182
-0.016758
-0.017232
-0.016617
-0.014997
-0.012512
-0.009350
-0.005736
-0.001913
0.001874
0.005390
0.008428
0.010819
0.012440
0.013223
0.013153
0.012270
0.010663
0.008462
0.005828
0.002944
0.000000
-0.002819
-0.005342
-0.007426
-0.008959
-0.009870
-0.010130
-0.009749
-0.008781
-0.007310
-0.005451
-0.003337
-0.001110
0.001085
0.003114
0.004858
0.006221
0.007136
0.007565
0.007506
0.006984
0.006053
0.004790
0.003290
0.001657
-0.000000
-0.001578
-0.002981
-0.004131
-0.004968
-0.005456
-0.005582
-0.005354
-0.004806
-0.003988
-0.002964
-0.001808
-0.000599
0.000584
0.001669
0.002593
0.003308
0.003780
0.003991
0.003944
0.003654
0.003154
0.002485
0.001700
0.000852
0.000000
-0.000804
-0.001512
-0.002085
-0.002496
-0.002728
-0.002776
-0.002650
-0.002366
-0.001953
-0.001443
-0.000875
-0.000289
0.000279
0.000794
0.001227
0.001555
0.001766
0.001853
0.001819
0.001674
0.001435
0.001123
0.000762
0.000380
-0.000000
-0.000353
-0.000658
-0.000900
-0.001069
-0.001158
-0.001168
-0.001105
-0.000978
-0.000800
-0.000585
-0.000352
-0.000115
0.000110
0.000309
0.000472
0.000592
0.000664
0.000688
0.000667
0.000606
0.000512
0.000395
0.000264
0.000130
0.000000
-0.000117
-0.000214
-0.000288
-0.000335
-0.000356
-0.000352
-0.000326
-0.000282
-0.000225
-0.000161
-0.000094
-0.000030
0.000028
0.000076
0.000112
0.000135
