00000000000001000110110001011100
00000000000000111010100010110101
00000000000000100111101000110101
00000000000000001110100011001000
10000000000000001111101001010010
10000000000000110001010011001010
10000000000001010100010001010101
10000000000001110110000001111110
10000000000010010011110100101111
10000000000010101010110111001001
10000000000010111000100010011101
10000000000010111010101010000110
10000000000010101111101001011100
10000000000010010110110000000000
10000000000001110000001010101111
10000000000000111101001001011111
00000000000000000000000000000000
00000000000001000011111110010100
00000000000010001010100111101110
00000000000011001111001010100110
00000000000100001100100000000011
00000000000100111101100010000110
00000000000101011101100011100011
00000000000101101000101000011010
00000000000101011011111100101110
00000000000100110110001000001101
00000000000011110111011100111010
00000000000010100001111111010111
00000000000000111001100111000101
10000000000000111100001001000110
10000000000010111000010011001100
10000000000100110010110101111110
10000000000110100011001011110101
10000000001000000000101110011111
10000000001001000011011101110111
10000000001001100100100111000001
10000000001001011111001000111110
10000000001000110000010011111111
10000000000111011000000001010001
10000000000101011001000000011011
10000000000010111000111001000111
00000000000000000000000000000000
00000000000011000111000001010001
00000000000110001111110000001101
00000000001001001100110000000100
00000000001011110000011000011011
00000000001101101101110000010110
00000000001110111001101010011101
00000000001111001011011101101011
00000000001110011101110110100100
00000000001100101111011101010010
00000000001010000011001100101101
00000000000110100000011000010011
00000000000010010010011111000111
10000000000010010111010100100101
10000000000111001010111111100110
10000000001011110100101000010011
10000000001111111111101101010001
10000000010011011000011011101001
10000000010101101101000111111011
10000000010110101111100010110111
10000000010110010110000100110011
10000000010100011100101001100100
10000000010001000101010111110011
10000000001100011000110000000101
10000000000110100101100001000011
00000000000000000000000000000000
00000000000110111110111001000100
00000000001101111011000101000111
00000000010100010111000000100011
00000000011001110101100010011001
00000000011101111011111010101001
00000000100000010011101101100000
00000000100000101100100011000100
00000000011110111101100011001111
00000000011011000110010110100100
00000000010101001111100110001110
00000000001101101010110111000011
00000000000100110001111110001110
10000000000100111010001111111110
10000000001110110011110011011101
10000000011000010001110000000011
10000000100000101010110001011101
10000000100111010111111001011001
10000000101011110111001101000000
10000000101101101110010101101100
10000000101100101100101010001010
10000000101000101100110101001100
10000000100001110101110001100000
10000000011000011010110100101010
10000000001100111011000101110000
00000000000000000000000000000000
00000000001101100100111011000111
00000000011010111100111011000101
00000000100111001111010110111000
00000000110001100101010110000000
00000000111001001101011101100000
00000000111101011111010001011010
00000000111101111110011011000001
00000000111010011101000101110010
00000000110010111101100110001100
00000000100111110011000001011001
00000000011001100000110000000010
00000000001000111000111010110101
10000000001001000110001011101010
10000000011011010101101000001101
10000000101100101010000111000010
10000000111011111000101010111011
10000001000111111011101000100110
10000001001111110111011010101000
10000001010010111110111000100110
10000001010000110110111110011100
10000001001001011001010010000100
10000000111100110101011001110110
10000000101011110000111010011101
10000000010111000101111000100001
00000000000000000000000000000000
00000000011000000111100110010011
00000000101111101111100011011100
00000001000101010100010001111110
00000001010111010110010111101101
00000001100100100000111111110000
00000001101011101111111001111011
00000001101100010100100101011100
00000001100101111010001110101111
00000001011000101000001100110111
00000001000101000010101111110001
00000000101100001001110111111100
00000000001111010110010111001010
10000000001111101010111110010000
10000000101110111111100000011001
10000001001100100110001101000011
10000001100110011111101111011011
10000001111010110110110110001110
10000010001000001000010110000111
10000010001101001010010101111011
10000010001001010010000100101111
10000001111100010111111101101001
10000001100110111001100011110110
10000001001001111001001001011101
10000000100110111010111100100011
00000000000000000000000000000000
00000000101000100001000000101010
00000001010000000100101001111000
00000001110100000100110100100001
00000010010010000011010111010011
00000010100111110100101010101101
00000010110011101001011011000001
00000010110100010110111110000111
00000010101001011101100110110100
00000010010011001100010110010110
00000001110010100001110101111101
00000001001001001010001101110010
00000000011001011001111010001001
10000000011001111010010011001010
10000001001101100111101011001101
10000001111110011001101111100010
10000010101000111111100110110000
10000011001010011001100100001000
10000011100000000110001010011111
10000011101000001101110011011101
10000011100001101100000111001001
10000011001100010110011000100110
10000010101000111110100100100101
10000001111001010010011110001010
10000000111111110111000010111001
00000000000000000000000000000000
00000001000010011011111101111100
00000010000011010001101000111011
00000010111110010001101000011001
00000011101111011001101010101101
00000100010011000101101100011101
00000100100110011111101111010000
00000100100111101101011011101101
00000100010101111010010001100000
00000011110001011101110011000111
00000010111011111101001010000100
00000001111000000111110001001010
00000000101001101111000110100000
10000000101010100110000110000001
10000001111111101100011110101101
10000011010000000111110100110101
10000100010110100000100101011101
10000101001101111010000011001101
10000101110010000111101100100111
10000110000000000000010110000011
10000101110101101101110011110100
10000101010010110111111100000101
10000100011000101010000111101111
10000011001001110010101101100011
10000001101010011100001010001010
00000000000000000000000000000000
00000001101111001011101100010110
00000011011100001011011111011011
00000100111111111001001000101111
00000110010011011111111001010001
00000111010000111001000010000100
00000111110011000110101000100010
00000111110110101011000001001101
00000111011001111011001001010110
00000110011101001010101000110111
00000101000010110000011010011110
00000011001111000011010011011111
00000001001000001110100010001000
10000001001010000001100110110010
10000011011110111010000000011001
10000101101101000000101000111100
10000111101010111000010111101110
10001001001111100110101010110111
10001010010011011001000000011111
10001010110000000111101000011000
10001010100001110011011110110011
10001001100110111101001110010010
10001000000000110011101010001100
10000101110011011000010001000011
10000011000101011001000111000110
00000000000000000000000000000000
00000011010001101000101000110110
00000110100010111010000010100001
00001001100110011100110110101011
00001100001110111010001010101101
00001110001111101111001011101110
00001111011110000000101110100001
00001111110001001011100101011100
00001111000011101110110010101011
00001101010011101101001011000001
00001010100011000011110110111111
00000110110111110100000001011101
00000010011011111110101100011001
10000010100010101101101100011110
10000111110011010101101010001110
10001101000010011101101111100101
10010001111011000010011001111111
10010110000111011000001011010110
10011001010010010000111110011000
10011011001000000011001000000100
10011011010111101110011011010010
10011001110011111011100100000100
10010110010011110010011011101110
10010000110011100100010000010101
10001001010101000110111101010000
00000000000000000000000000000000
00001010111110100010010110110010
00010111010100000001011110010001
00100100101001010111101001010010
00110010100011110000101000010111
01000000100101101110111010110110
01001110010000011010100100000001
01011011000100110101110111010001
01100110100101010011110111101110
01110000010110101100011111001010
01111000000001101010000100111011
01111101010011101100110000000110
010000000000000000000000000000000
010000000000000000000000000000000
01111101010011101100110000000110
01111000000001101010000100111011
01110000010110101100011111001010
01100110100101010011110111101110
01011011000100110101110111010001
01001110010000011010100100000001
01000000100101101110111010110110
00110010100011110000101000010111
00100100101001010111101001010010
00010111010100000001011110010001
00001010111110100010010110110010
00000000000000000000000000000000
10001001010101000110111101010000
10010000110011100100010000010101
10010110010011110010011011101110
10011001110011111011100100000100
10011011010111101110011011010010
10011011001000000011001000000100
10011001010010010000111110011000
10010110000111011000001011010110
10010001111011000010011001111111
10001101000010011101101111100101
10000111110011010101101010001110
10000010100010101101101100011110
00000010011011111110101100011001
00000110110111110100000001011101
00001010100011000011110110111111
00001101010011101101001011000001
00001111000011101110110010101011
00001111110001001011100101011100
00001111011110000000101110100001
00001110001111101111001011101110
00001100001110111010001010101101
00001001100110011100110110101011
00000110100010111010000010100001
00000011010001101000101000110110
00000000000000000000000000000000
10000011000101011001000111000110
10000101110011011000010001000011
10001000000000110011101010001100
10001001100110111101001110010010
10001010100001110011011110110011
10001010110000000111101000011000
10001010010011011001000000011111
10001001001111100110101010110111
10000111101010111000010111101110
10000101101101000000101000111100
10000011011110111010000000011001
10000001001010000001100110110010
00000001001000001110100010001000
00000011001111000011010011011111
00000101000010110000011010011110
00000110011101001010101000110111
00000111011001111011001001010110
00000111110110101011000001001101
00000111110011000110101000100010
00000111010000111001000010000100
00000110010011011111111001010001
00000100111111111001001000101111
00000011011100001011011111011011
00000001101111001011101100010110
00000000000000000000000000000000
10000001101010011100001010001010
10000011001001110010101101100011
10000100011000101010000111101111
10000101010010110111111100000101
10000101110101101101110011110100
10000110000000000000010110000011
10000101110010000111101100100111
10000101001101111010000011001101
10000100010110100000100101011101
10000011010000000111110100110101
10000001111111101100011110101101
10000000101010100110000110000001
00000000101001101111000110100000
00000001111000000111110001001010
00000010111011111101001010000100
00000011110001011101110011000111
00000100010101111010010001100000
00000100100111101101011011101101
00000100100110011111101111010000
00000100010011000101101100011101
00000011101111011001101010101101
00000010111110010001101000011001
00000010000011010001101000111011
00000001000010011011111101111100
00000000000000000000000000000000
10000000111111110111000010111001
10000001111001010010011110001010
10000010101000111110100100100101
10000011001100010110011000100110
10000011100001101100000111001001
10000011101000001101110011011101
10000011100000000110001010011111
10000011001010011001100100001000
10000010101000111111100110110000
10000001111110011001101111100010
10000001001101100111101011001101
10000000011001111010010011001010
00000000011001011001111010001001
00000001001001001010001101110010
00000001110010100001110101111101
00000010010011001100010110010110
00000010101001011101100110110100
00000010110100010110111110000111
00000010110011101001011011000001
00000010100111110100101010101101
00000010010010000011010111010011
00000001110100000100110100100001
00000001010000000100101001111000
00000000101000100001000000101010
00000000000000000000000000000000
10000000100110111010111100100011
10000001001001111001001001011101
10000001100110111001100011110110
10000001111100010111111101101001
10000010001001010010000100101111
10000010001101001010010101111011
10000010001000001000010110000111
10000001111010110110110110001110
10000001100110011111101111011011
10000001001100100110001101000011
10000000101110111111100000011001
10000000001111101010111110010000
00000000001111010110010111001010
00000000101100001001110111111100
00000001000101000010101111110001
00000001011000101000001100110111
00000001100101111010001110101111
00000001101100010100100101011100
00000001101011101111111001111011
00000001100100100000111111110000
00000001010111010110010111101101
00000001000101010100010001111110
00000000101111101111100011011100
00000000011000000111100110010011
00000000000000000000000000000000
10000000010111000101111000100001
10000000101011110000111010011101
10000000111100110101011001110110
10000001001001011001010010000100
10000001010000110110111110011100
10000001010010111110111000100110
10000001001111110111011010101000
10000001000111111011101000100110
10000000111011111000101010111011
10000000101100101010000111000010
10000000011011010101101000001101
10000000001001000110001011101010
00000000001000111000111010110101
00000000011001100000110000000010
00000000100111110011000001011001
00000000110010111101100110001100
00000000111010011101000101110010
00000000111101111110011011000001
00000000111101011111010001011010
00000000111001001101011101100000
00000000110001100101010110000000
00000000100111001111010110111000
00000000011010111100111011000101
00000000001101100100111011000111
00000000000000000000000000000000
10000000001100111011000101110000
10000000011000011010110100101010
10000000100001110101110001100000
10000000101000101100110101001100
10000000101100101100101010001010
10000000101101101110010101101100
10000000101011110111001101000000
10000000100111010111111001011001
10000000100000101010110001011101
10000000011000010001110000000011
10000000001110110011110011011101
10000000000100111010001111111110
00000000000100110001111110001110
00000000001101101010110111000011
00000000010101001111100110001110
00000000011011000110010110100100
00000000011110111101100011001111
00000000100000101100100011000100
00000000100000010011101101100000
00000000011101111011111010101001
00000000011001110101100010011001
00000000010100010111000000100011
00000000001101111011000101000111
00000000000110111110111001000100
00000000000000000000000000000000
10000000000110100101100001000011
10000000001100011000110000000101
10000000010001000101010111110011
10000000010100011100101001100100
10000000010110010110000100110011
10000000010110101111100010110111
10000000010101101101000111111011
10000000010011011000011011101001
10000000001111111111101101010001
10000000001011110100101000010011
10000000000111001010111111100110
10000000000010010111010100100101
00000000000010010010011111000111
00000000000110100000011000010011
00000000001010000011001100101101
00000000001100101111011101010010
00000000001110011101110110100100
00000000001111001011011101101011
00000000001110111001101010011101
00000000001101101101110000010110
00000000001011110000011000011011
00000000001001001100110000000100
00000000000110001111110000001101
00000000000011000111000001010001
00000000000000000000000000000000
10000000000010111000111001000111
10000000000101011001000000011011
10000000000111011000000001010001
10000000001000110000010011111111
10000000001001011111001000111110
10000000001001100100100111000001
10000000001001000011011101110111
10000000001000000000101110011111
10000000000110100011001011110101
10000000000100110010110101111110
10000000000010111000010011001100
10000000000000111100001001000110
00000000000000111001100111000101
00000000000010100001111111010111
00000000000011110111011100111010
00000000000100110110001000001101
00000000000101011011111100101110
00000000000101101000101000011010
00000000000101011101100011100011
00000000000100111101100010000110
00000000000100001100100000000011
00000000000011001111001010100110
00000000000010001010100111101110
00000000000001000011111110010100
00000000000000000000000000000000
10000000000000111101001001011111
10000000000001110000001010101111
10000000000010010110110000000000
10000000000010101111101001011100
10000000000010111010101010000110
10000000000010111000100010011101
10000000000010101010110111001001
10000000000010010011110100101111
10000000000001110110000001111110
10000000000001010100010001010101
10000000000000110001010011001010
10000000000000001111101001010010
00000000000000001110100011001000
00000000000000100111101000110101
00000000000000111010100010110101
00000000000001000110110001011100
